function r=rightJ(t,x)
    r = [
        -1    2*x(2)   2*x(3)   2*x(4)
         0   -10      20*x(3)  20*x(4)
         0     0     -40       80*x(4)
         0     0       0      -100
        ];
 