function r=A(t)
    r = [ -10000  100  -10  1
               0 -1000  10 -10
               0  0    -1   10
               0  0     0  -0.1 ];
 