function r=rightJ(t,x)
    r = [ 
        -100     0      0       0
        -100    -2      0       0
        -100  9998  -9990     -10
        -100  9988     20  -10010
        ];
 